4294967293,131
4294967293,130
4294967293,129
4294967293,128
4294967293,127
4294967293,126
4294967293,125
4294967293,124
4294967293,123
4294967293,122
4294967293,121
4294967293,120
4294967293,119
4294967293,118
4294967293,117
4294967293,116
4294967293,115
4294967293,114
4294967293,113
4294967293,112
4294967293,111
4294967293,110
4294967293,109
4294967293,108
4294967293,107
4294967293,106
4294967293,105
4294967293,104
4294967293,103
4294967293,102
4294967293,101
4294967293,100
4294967293,99
4294967293,98
4294967293,97
4294967293,96
4294967293,95
4294967293,94
4294967293,93
4294967293,92
4294967293,91
4294967293,90
4294967293,89
4294967293,87
4294967293,86
4294967293,85
4294967293,84
4294967293,83
4294967293,82
4294967293,81
4294967293,80
4294967293,79
4294967293,78
4294967293,77
4294967293,76
4294967293,75
4294967293,74
4294967293,73
4294967293,72
4294967293,71
4294967293,70
4294967293,69
4294967293,68
4294967293,67
4294967293,66
4294967293,65
4294967293,64
4294967293,63
4294967293,62
4294967293,61
4294967293,60
4294967293,59
4294967293,58
4294967293,57
4294967293,56
4294967293,55
4294967293,54
4294967293,53
4294967293,52
4294967293,51
4294967293,50
4294967293,49
4294967293,48
4294967293,47
4294967293,46
4294967293,45
4294967293,44
4294967293,43
4294967293,42
4294967293,41
4294967293,40
4294967293,39
4294967293,38
4294967293,37
4294967293,36
4294967293,35
4294967293,34
4294967293,33
4294967293,32
4294967293,31
4294967293,30
4294967293,29
4294967293,28
4294967293,27
4294967293,26
4294967293,25
4294967293,24
4294967293,23
4294967293,22
4294967293,21
4294967293,20
4294967293,19
4294967293,18
4294967293,17
4294967293,16
4294967293,15
4294967293,14
4294967293,13
4294967293,12
4294967293,11
4294967293,10
4294967293,9
4294967293,8
4294967293,7
4294967293,6
4294967293,5
4294967293,4
4294967293,3
4294967278,127
4294967278,255
4294967278,126
4294967278,124
4294967278,123
4294967278,122
4294967278,251
4294967278,121
4294967278,243
4294967278,117
4294967278,239
4294967278,115
4294967278,114
4294967278,233
4294967278,111
4294967278,408
4294967278,399
4294967278,398
4294967278,106
4294967278,217
4294967278,103
4294967278,215
4294967278,102
4294967278,411
4294967278,101
4294967278,100
4294967278,99
4294967278,95
4294967278,94
4294967278,93
4294967278,92
4294967278,90
4294967278,410
4294967278,89
4294967278,86
4294967278,85
4294967278,83
4294967278,82
4294967278,81
4294967278,80
4294967278,74
4294967278,73
4294967278,72
4294967278,71
4294967278,70
4294967278,69
4294967278,66
4294967278,65
4294967278,64
4294967278,63
4294967278,62
4294967278,57
4294967278,56
4294967278,55
4294967278,54
4294967278,53
4294967278,52
4294967278,48
4294967278,47
4294967278,45
4294967278,44
4294967278,43
4294967278,41
4294967278,40
4294967278,39
4294967278,38
4294967278,37
4294967278,36
4294967278,403
4294967278,34
4294967278,33
4294967278,32
4294967278,31
4294967278,30
4294967278,29
4294967278,28
4294967278,27
4294967278,26
4294967278,137
4294967278,25
4294967278,24
4294967278,275
4294967278,22
4294967278,274
4294967278,21
4294967278,284
4294967278,20
4294967278,273
4294967278,19
4294967278,18
4294967278,17
4294967278,14
4294967278,12
4294967278,11
4294967278,279
4294967278,10
4294967278,402
4294967278,401
4294967278,409
4294967278,400
4294967278,174
4294967279,479
4294967279,124
4294967279,251
4294967279,122
4294967279,121
4294967279,120
4294967279,115
4294967279,239
4294967279,114
4294967279,113
4294967279,235
4294967279,112
4294967279,229
4294967279,109
4294967279,227
4294967279,108
4294967279,2
4294967279,225
4294967279,107
4294967279,223
4294967279,106
4294967279,217
4294967279,103
4294967279,215
4294967279,102
4294967279,101
4294967279,100
4294967279,99
4294967279,96
4294967279,95
4294967279,94
4294967279,93
4294967279,478
4294967279,89
4294967279,87
4294967279,86
4294967279,85
4294967279,82
4294967279,81
4294967279,80
4294967279,79
4294967279,78
4294967279,75
4294967279,74
4294967279,73
4294967279,72
4294967279,71
4294967279,69
4294967279,68
4294967279,67
4294967279,66
4294967279,65
4294967279,64
4294967279,63
4294967279,62
4294967279,473
4294967279,61
4294967279,472
4294967279,60
4294967279,58
4294967279,57
4294967279,56
4294967279,55
4294967279,54
4294967279,53
4294967279,52
4294967279,51
4294967279,50
4294967279,49
4294967279,48
4294967279,47
4294967279,46
4294967279,157
4294967279,45
4294967279,44
4294967279,43
4294967279,42
4294967279,41
4294967279,40
4294967279,39
4294967279,38
4294967279,37
4294967279,471
4294967279,36
4294967279,138
4294967279,278
4294967279,25
4294967279,134
4294967279,22
4294967279,21
4294967279,20
4294967279,19
4294967279,9
4294967279,476
4294967279,88
4294967279,260
4294967294,1433
4294967279,474
4294967294,1803
4294967294,1452
4294967294,8
4294967294,1000
4294967294,999
4294967294,998
4294967294,997
4294967294,996
4294967294,995
4294967294,994
4294967294,993
4294967294,735
4294967294,991
4294967294,990
4294967294,989
4294967294,988
4294967294,986
4294967294,985
4294967294,982
4294967294,980
4294967294,979
4294967294,978
4294967294,974
4294967294,972
4294967294,970
4294967294,967
4294967294,964
4294967294,957
4294967294,956
4294967294,955
4294967294,954
4294967294,1216
4294967294,953
4294967294,952
4294967294,951
4294967294,950
4294967294,949
4294967294,948
4294967294,947
4294967294,944
4294967294,942
4294967294,941
4294967294,940
4294967294,938
4294967294,936
4294967294,934
4294967294,580
4294967294,933
4294967294,930
4294967294,929
4294967294,926
4294967294,1437
4294967294,924
4294967294,923
4294967294,921
4294967294,919
4294967294,1770
4294967294,917
4294967294,319
4294967294,915
4294967294,728
4294967294,1798
4294967294,913
4294967294,912
4294967294,911
4294967294,910
4294967294,909
4294967294,907
4294967294,905
4294967294,903
4294967294,902
4294967294,901
4294967294,900
4294967294,899
4294967294,898
4294967294,897
4294967294,896
4294967294,895
4294967294,894
4294967294,1802
4294967294,890
4294967294,888
4294967294,602
4294967294,887
4294967294,886
4294967294,885
4294967294,884
4294967294,883
4294967294,881
4294967294,879
4294967294,877
4294967294,876
4294967294,874
4294967294,1800
4294967294,873
4294967294,867
4294967294,1259
4294967294,863
4294967294,858
4294967294,857
4294967294,856
4294967294,855
4294967294,854
4294967294,853
4294967294,851
4294967294,850
4294967294,847
4294967294,725
4294967294,846
4294967294,843
4294967294,839
4294967294,1856
4294967294,837
4294967294,835
4294967294,721
4294967294,834
4294967294,833
4294967294,831
4294967294,830
4294967294,828
4294967294,824
4294967294,823
4294967294,822
4294967294,821
4294967294,819
4294967294,818
4294967294,817
4294967294,816
4294967294,815
4294967294,814
4294967294,813
4294967294,812
4294967294,809
4294967294,807
4294967294,806
4294967294,805
4294967294,802
4294967294,801
4294967294,799
4294967294,798
4294967294,797
4294967294,796
4294967294,795
4294967294,794
4294967294,793
4294967294,790
4294967294,788
4294967294,787
4294967294,786
4294967294,785
4294967294,781
4294967294,780
4294967294,779
4294967294,777
4294967294,776
4294967294,770
4294967294,769
4294967294,703
4294967294,701
4294967294,700
4294967294,699
4294967294,696
4294967294,695
4294967294,690
4294967294,688
4294967294,686
4294967294,685
4294967294,684
4294967294,683
4294967294,682
4294967294,681
4294967294,677
4294967294,676
4294967294,675
4294967294,84
4294967294,674
4294967294,581
4294967294,673
4294967294,670
4294967294,669
4294967294,668
4294967294,667
4294967294,664
4294967294,663
4294967294,661
4294967294,660
4294967294,655
4294967294,727
4294967294,652
4294967294,651
4294967294,649
4294967294,648
4294967294,646
4294967294,643
4294967294,642
4294967294,641
1,3
1,0
4294967294,633
4294967294,632
4294967294,626
4294967294,624
4294967294,622
4294967294,621
4294967294,620
4294967294,630
4294967294,619
4294967294,618
4294967294,617
4294967294,616
4294967294,1246
4294967294,722
4294967294,708
4294967294,629
4294967294,615
4294967294,639
4294967294,720
4294967294,614
4294967294,613
4294967294,612
4294967294,1769
4294967294,719
4294967294,611
4294967294,710
4294967294,610
4294967294,732
4294967294,609
4294967294,608
4294967294,607
4294967294,730
4294967294,606
4294967294,726
4294967294,605
4294967294,718
4294967294,878
4294967294,706
4294967294,875
4294967294,792
4294967294,711
4294967294,791
4294967294,717
4294967279,468
4294967279,467
4294967294,1470
4294967294,1446
4294967294,1741
4294967294,1421
4294967294,1409
4294967294,1768
4294967294,757
4294967294,754
4294967294,578
4294967294,1685
4294967294,1728
4294967294,756
4294967279,466
4294967278,396
4294967279,465
4294967294,1684
4294967294,1683
4294967294,0
4294967294,1682
4294967294,1681
4294967294,1680
4294967294,168
4294967294,1794
4294967294,1677
4294967294,1793
4294967294,1676
4294967294,1674
4294967294,1740
4294967294,1767
4294967294,1759
4294967294,1757
4294967294,1672
4294967294,1755
4294967294,1754
4294967294,1753
4294967294,1671
4294967294,1736
4294967294,1745
4294967294,1667
4294967294,446
4294967294,1666
4294967294,1463
4294967294,1739
4294967294,1665
4294967294,1664
4294967294,579
4294967294,454
4294967294,1758
4294967294,1737
4294967294,395
4294967294,1732
4294967294,1451
4294967294,1731
4294967294,1471
4294967294,1859
4294967294,1730
4294967294,1801
4294967294,1181
4294967294,1467
4294967294,424
4294967294,444
4294967294,1461
4294967294,1458
4294967294,1611
4294967294,1610
4294967294,1609
4294967294,1608
4294967294,1607
4294967294,1605
4294967294,1606
4294967294,1604
4294967294,1603
4294967294,1602
4294967294,1601
4294967294,1600
4294967294,1599
4294967294,1598
4294967294,1597
4294967294,1596
4294967294,1595
4294967278,395
4294967279,463
4294967278,392
4294967278,391
4294967278,390
4294967279,462
4294967279,461
4294967279,460
4294967294,452
4294967294,413
4294967294,599
4294967294,1761
4294967294,1072
4294967294,398
4294967294,453
4294967294,450
4294967294,178
4294967294,423
4294967294,421
4294967294,420
4294967294,405
4294967294,402
4294967294,397
4294967294,406
4294967294,416
4294967294,451
4294967294,415
4294967294,191
4294967294,1033
4294967294,181
4294967294,1418
4294967294,401
4294967294,180
4294967294,188
4294967294,177
4294967294,1165
4294967294,1164
4294967294,1166
4294967294,1162
4294967294,174
4294967294,172
4294967294,171
4294967294,170
4294967294,190
4294967294,175
4294967294,1161
4294967294,1160
4294967294,120
4294967294,430
4294967294,1594
4294967294,1593
4294967294,1592
4294967294,1591
4294967294,1590
4294967294,1588
